%% Matlab mesh
%% square, Created by Gmsh
%% ASCII
clear msh;
msh.nbNod = 16;
msh.POS = [
0 0 0;
1 0 0;
1 1 0;
0 1 0;
0.3333333333325029 0 0;
0.6666666666657889 0 0;
1 0.3333333333325029 0;
1 0.6666666666657889 0;
0.6666666666675916 1 0;
0.3333333333347203 1 0;
0 0.6666666666675916 0;
0 0.3333333333347203 0;
0.5716778395420049 0.2950338486127024 0;
0.3214585862372227 0.6029230994798214 0;
0.6666666666671528 0.6666666666671528 0;
0.288675134596539 0.2886751345965389 0;
];
msh.MAX = max(msh.POS);
msh.MIN = min(msh.POS);
msh.LINES =[
 1 5 2
 5 6 2
 6 2 2
 2 7 2
 7 8 2
 8 3 2
 3 9 2
 9 10 2
 10 4 2
 4 11 3
 11 12 3
 12 1 3
];
msh.TRIANGLES =[
 13 7 15 1
 6 7 13 1
 13 14 16 1
 14 13 15 1
 14 12 16 1
 11 10 4 1
 7 6 2 1
 10 11 14 1
 11 12 14 1
 12 1 16 1
 7 8 15 1
 8 3 15 1
 5 6 13 1
 3 9 15 1
 9 10 15 1
 10 14 15 1
 1 5 16 1
 5 13 16 1
];
